4996735925646785076
5399803797190187768
1135323302369831313
12820312907855132261
9933210840585052120
219943665718571917
12859473928574581762
12129046779220906145
9584539117332532666
13955994267486110131
13781852296771403278
10630226530165092006
12003279456360530176
18339525185113234686
579585794518660688
15202824465128693325
2579800645607576699
10881061464704483851
15251456379154652290
729400120977467012
10185298505632404716
11691285739513010503
9565705693855907316
13419271755771105785
15784259847140844862
3680284534296112138
1045330174555222874
10186741002050411803
4259748443365140282
8502403243820505305
2151398709487066005
1512576027158679723
7259209025417234757
3753273492858236795
17043799800922037890
13471222889545252328
16497254408205750015
1901530563424269789
6377088111340141148
5355427371942196927
8343629120409140963
8591296673537723799
8576244796671375236
14267706583278251627
10298794401700090787
15613757108549074275
1938546193462710294
14898292940510608701
333995112273738984
305193762238653251
6312752261925741059
787967941709214919
2451816488544742380
827638176093871368
5609841935715030949
8722707063966218407
4963124040574436893
9635140568376603368
119562190382178067
5383134108187460568
9921990192169646724
6588098752417874503
15403215378465625069
14140050251567365846
8700241207037576129
11440790495896869017
16278711307026464076
3199594190486278543
14310917932598904920
8308240749489114464
556520809362662013
5114847098209179185
16570454601386077680
15206579522994262834
3012703851368054016
11868698185198684220
7228294203242613131
4351566876157088560
12726716854628196538
10024706275576436064
7434201139480367519
9900631162825777353
1190860735665550945
9844679059087762857
446596520804492435
6637169338646755742
17176687755213268123
13904803149617078848
10444227443040693504
15477181085393746591
18257888510201506498
2270864649594462218
16341952301562018604
12680882429481702054
4604414853255288834
15091320967273966856
7997390040858307776
17334028794755102005
11834644243330939095
4475816301192144277
7060073259271182779
1130066781340731690
6489444318219761658
13634279349152637122
11737824222452354984
6313632690968731336
18417277476875314313
1171629779924641641
8789590945024506881
4019844904529569579
3384757328754476235
13289567215888231456
14130691428776011245
10299179976138226699
17977050949686001708
15243095436472417508
6769687394424330399
16353119048675858689
8436913994086538633
9328645499912544895
9896710371193855487
6894165159828675741
18392933486112786175
9676024121701070545
2202680020478188427
4760119711279288468
17785526834608766109
14118278017690085541
10972767804046974572
10797358803877001298
6954566599535574973
9648315450864832130
5395877286085239862
10374344363613880845
3984520056798635594
12640700679801856692
3722009172594694624
1903167319528290057
3916582835492076420
5257620165487814028
11671800939277673232
68297044920649911
10095520244382143431
15195915669774285883
1976441601138394689
9215689979403875345
17344545894902396830
6640508894447303668
5710610162721831744
15738899858667294191
617060744564466148
9447706523223098317
1012906157992067612
11932144781469729720
12396480860306457386
3327812373530792557
4946064483301151391
16686500459734172830
62854359708563297
13899993886071067819
11662515414222719235
3752381822382774788
18312265699376671091
5257314221921521691
17357487921198941647
16912976582009950416
1592503663060087375
17021265080220003815
16339948987540156899
274274868707067943
754182468871503769
9883764892472636181
6145654643027676935
3493166661086002073
8865952108069609868
2582887856649608706
3778265115132863525
929909776270360341
4700912567960600754
13107510209100329159
9620331341126142982
12412722605643793998
17370944568568738838
16265000528750488388
3904021277585399346
15986868377743900631
290883970592560815
13291528554503810756
11169303013658192792
11321056588584162048
1837826849085562277
15357530340941635447
18056941903153651959
5336873997215939846
15884808005899441667
15466060920973422765
4125229029725918212
17025185154741072093
4216566527108501239
5201307465443800100
13024902118334333992
713461130961626722
12460560896523857347
1200734050831061449
13908498431554351794
16843219910195020011
15845117909766166262
18053843162096716251
3785532857906592290
15592773081840762801
9312628713585752495
6707334608864691091
17356141043204981220
14220602880507157628
10856320032154691261
11445408144727367946
881222969398910574
3880867339915697486
17042879298690499290
17578102124532256236
5082155973487625939
72390711337023701
13223586052573465772
1591731215547407535
1905043043815732970
17650147558088148083
7455813073406790456
4219324684561369585
5298989661611239605
2448053804592426668
565359838998905057
15844308489718898686
2255470558791197951
4877343738003634393
1633642916592127951
8838249549771348214
6955350507982554569
14996745269858771276
7809960225676661946
5051653049031533511
646181687187867501
4709605471304207060
10605635103004505261
636257306246253206
1670756671652934232
1969068203791148523
2594730725352226133
15215766513594304915
9530199467814959675
1623169238137949303
3147767827992698253
17319352844217812429
18232532787779822812
6769171523306636148
1843919786598415707
3351250994706376928
11113775339618193589
5296168710383438778
5050715663297442752
13399845525500165098
10343242639872547365
8165322170764775416
10565095597358422082
15981753822760999563
8547296025997078011
5361503875371986480
13175896362513465774
14280465615504206093
3806314084605754698
15509196735625291236
12583254346063444967
6437729529869752306
8822011627197735822
14768661129778978887
17299385385228946157
4051316283742786718
11320909972028130638
5974990841139416847
18178056716270716263
3063300766221073433
11364792933161230911
3370985432177778377
14913086500995176800
9328488556626584679
14675723539622877403
16985394632120623832
7131309501523961898
18292988570554651883
15077873802010291356
8095215624981414440
6551534754590478455
5223906794860288507
4503180689197451720
6759114135830205122
4857811978227293041
5082682975651296268
6471372874199418696
14591362429248651807
10357606416944914207
9226207690201266078
9908256276153252007
12174284510008127630
17698023782890723139
16111355928417624597
7020135879042982837
9090046913323522873
13371320875924643077
7470972175377367456
4090421828807237500
2427963100673591194
230127446593890203
15343714205449903624
735447294898603287
306482965867411235
17301479508163806302
16183696746202988094
15523507734446335721
13541960324670351455
9462138289276260785
2011973113167726409
2314207249445605031
749234698316799671
1351765787593509661
376694222319476832
14857619159864590199
9943745390641450245
14873697605050532972
1300146958744565935
3257756110816458652
1793735881955073799
961701153846757796
5776557706683777959
6026797123940092563
512400647793293433
363337669719484126
8012877748242780836
7375972829881540883
12946899531977889616
4296549638142018926
13440247945216341633
1641920930974481778
17373831159391633511
9543391859067226344
11570563239780152613
4755075992111324672
10638922402605240861
18364247493427175891
7063933575509102075
4125582738954987291
668888746678300982
2770618507353454630
10926380695258053721
4912752221266035334
4126711166768085920
17288279588129640788
10371111883580768835
7678893671412543586
3374447104815703226
12838353978823344946
6849977120538697570
16117495395605130757
16689164380577012161
13720649074285743486
4324939730066236945
12577957987996372258
16588121705732183529
6562914840878322620
2461186777751025331
5827249734211603757
16491157180310907433
3593905989499935318
14149356299641271928
18047014066910482417
15123383454528556592
15788139422193484392
2037509224497038434
16720302657305402661
10020700770432037481
9165526157555733000
8295956819477965630
17073862240630683240
2598548147385547793
11576954790034304156
3269475649398610377
10364624539857003700
9275917053867336181
9345994249112588172
6491074445666267621
6389294118215568319
7006676236137170615
759191283696409752
1056586550050038521
17037963807534437439
13560587522890171775
10641021899470671972
5736364566691905955
15225185293253368908
1343641335692655167
13645385268283245554
17346240763217623475
14990930566600693023
4293857625763329145
5140723951668083698
9515653204496204215
7033699631933760343
6166239455940401416
9045515774921421963
1044266045582762829
974632899103513665
9408098602718907742
17708639204608273739
6944470292272964754
5388670065719119794
5940073917453190759
6818344958164295388
16703169525753820724
10304318396972678718
15425527869905111013
7305046886418898110
5998048666758939099
16356852345280040621
8601795872882386147
14071537947489212710
10264960058550843497
12440851209482749240
10654252575199791005
462201116959659481
8669835273105863132
2885114939907734010
2677070989587682783
14411621092044574404
5400008026709396608
6816950571290843105
6607628892807896117
1913520246508676747
3759699816157983933
5463129524782956469
7126181783927697456
10297614828163693029
10487094711932948746
16771358685583572625
15671809020907109929
13108799934059111712
1962750973196454046
16428880963125921282
15145363807545608047
18096280266413901156
5032459851937519740
3782265081943101413
17223365910044990589
11111341776550787707
6207311914347513910
12267192016893356606
12193178485965731289
17933312010318654957
14693520253084299995
6176471736839320989
7007485825830005624
408268132268243009
307007546748254909
16605151402863331717
7621497372277601591
7620139473980843129
12283089575306930782
5976323763566068328
15635324442023703150
15173348551611731465
13037621104590916770
2778873709858763925
5820725732380292385
14777619608827150196
6968748424146033103
2549457839917266229
11676191497545375647
9961670463062039423
16744922765447438244
2581880826792977068
7307032549738828276
8232353486091400295
9630586553440017537
17318861458255673231
512530020043829202
6980556427779188207
8525483839362849281
6719854131878345090
4616919182453253571
902231265710969997
5915232447573445838
3296260466909673065
15816517689001497141
16196953951340648287
15233014955978138870
2664641603070988518
6713352997444126131
17890293356846112743
11371046767207101408
9262811006493109575
8637340557163826253
15758536625156540633
3841657154290839272
12518877679330114694
5612405467325099739
3408206176920776887
13533940487189023202
16663000689334567038
6496314355782165626
15816066010541615226
16248333345520202540
12927717220071928523
2091224283166246716
5886611394130914871
12956208127041606571
7779658824742317743
15971261747422990508
14610503394641616606
5162543054738039220
14758910188892076463
5128424195229900548
18113280482608773384
5698560292090033954
16963719393959343609
11727161821523250914
16190742089683631976
16646756398656341128
2202151493733006036
11974714523392783286
3714690219473358662
2891897986411563491
7032978552922408169
15712051210807895577
351838421994809703
17110440418496732886
15248696334647613705
2219255098020776723
14550810237100775141
10746869194713220692
1077412584942512715
11479015921969620630
3388311002369818490
10258137633640219738
16747612973906755514
16977042580659813419
1915954831198245712
17396782944065570911
15107800880719262258
17741875402201999022
12632620739600231012
9390887852506871348
11253840707007421296
6904755135588702333
1378137219917543994
17180083667743708104
5826924058037906749
12259847953782998007
13539239714977475748
15878986813844587579
14887189398984174606
3589372145198214905
11376296910226089342
2949542163970351202
13133628801404065288
6768344620178670853
11657940583834092326
1657602977116129254
16730755106706704127
13785168173876839140
7298996255044478053
2054863240136861763
11582480797188432043
15215244118664332504
3873923720438908546
3019820357587568210
12341418509352601532
14684565692041636204
2369595001561155867
5512913927501311001
3434627776816158243
13978714520584556220
4767907799208195342
10891794657550807330
2887369675020423941
17844903791663388053
114227495600745825
6175196409251627103
12577714954432996282
3914309615559671850
2949189875706556010
5256544529596626544
16647643995500566572
4301572767427076231
9103507532511307959
15071220780814689004
3987406896189662428
3999825130500225466
7680818468122681871
4093778513695805829
16405045255660070788
319400583567323876
6365767211721044184
12031162332599270517
9020141734710295944
14261667271136220699
1573833029192928115
14346865070179349449
16029169989891079356
13607413137325187922
9306056193564902260
9290334552636956763
3170597879380188967
3292481491890650458
14322501681455206612
10745497464792779691
10382954579560006166
13018039989907053757
15749571643712614354
16348014525243531136
6719947912119073923
8102317593311777428
1663913257949838178
12775124978896381339
10865450956039374648
9949470592220108574
781808306373000532
17668616524759762940
7031365975592092670
13307829025569695886
9224656378640485643
10092158076842280150
15573035796354226421
4311929678963809229
9697518540111066379
6635158468608216497
12278164759320321318
7306708140202948010
10151534317279004990
17486518885903319960
